15
4,6,11,8,9,2,2,0,7,10,4,0,8,9,6
1,1,2,2,2,0,0,0,1,2,1,0,2,2,1
0,0,1,0,0,1,1,0,1,1,0,1,1,1,1
1705509921,1705510355,1705510423,1705510527,1705510627,1705510664,1705510701,1705510787,1705511025,1705511399,1705511495,1705511544,1705511627,1705511697,1705511757
15
1,3,9,8,7,4,8,11,5,9,2,8,8,8,1
0,0,2,2,1,1,2,2,1,2,0,2,2,2,0
1,1,1,1,1,0,1,1,1,0,1,1,0,0,1
1706390549,1706391139,1706391202,1706391263,1706391290,1706391390,1706391485,1706391556,1706391591,1706436737,1706481798,1706481893,1706565745,1706565814,1706565841
15
3,7,5,0,9,8,9,6,6,5,2,9,10,6,3
0,1,1,0,2,2,2,1,1,1,0,2,2,1,0
0,1,1,1,0,0,1,0,1,1,1,1,1,1,1
1704280644,1704280725,1704280806,1704281037,1704281135,1704281231,1704281283,1704281380,1704281453,1704281890,1704281933,1704281978,1704282038,1704282104,1704282158
15
0,11,10,5,3,5,11,7,4,8,2,10,8,5,0
0,2,2,1,0,1,2,1,1,2,0,2,2,1,0
0,1,0,0,1,0,0,0,1,0,1,0,0,1,0
1705090690,1705090816,1705091552,1705091692,1705091764,1705091931,1705092107,1705092259,1705157203,1705157846,1705158356,1705158495,1705158663,1705183818,1705183919
15
2,8,7,7,7,6,3,1,6,9,1,2,7,0,5
0,2,1,1,1,1,0,0,1,2,0,0,1,0,1
0,0,1,1,1,1,1,1,1,1,1,1,1,1,0
1705085904,1705146492,1705146898,1705147004,1705147105,1705218539,1705219167,1705219244,1705219355,1705219484,1705219566,1705219667,1705219779,1705219872,1705220022
